time:0.2373647689819336, Total Loss:35.08876037597656, Segmentation Loss:0.7220913767814636, Discriminative Loss:34.366668701171875
time:0.24235248565673828, Total Loss:22.992156982421875, Segmentation Loss:0.6371188163757324, Discriminative Loss:22.355037689208984
